name: "Brisbane Airport"
latitude: -27.3937063
longitude: 153.1112942
radius: 1600
icon: mdi:airport

