name: "Coles Coolum"
latitude: -26.5262866
longitude: 153.0883046
radius: 120
icon: mdi:store