name: "Woolies Coolum"
latitude: -26.5385707
longitude: 153.0788934
radius: 120
icon: mdi:store